iteratii = 10 nr_executii = 10 nr_tabu = 10
[0 1 0 1 1] 212 1648223465.4744382
[0 1 0 1 1] 212 1648223465.4744382
[0 1 0 1 1] 212 1648223465.4744382
[1 1 1 0 0] 212 1648223465.4744382
[1 0 0 1 1] 179 1648223465.4744382
[1 0 1 0 1] 231 1648223465.4744382
[1 0 1 0 1] 231 1648223465.4744382
[0 0 1 0 1] 231 1648223465.4744382
[1 1 0 0 1] 230 1648223465.4744382
[1 0 1 0 1] 231 1648223465.4900599
218.1
1648223465.4760003

iteratii = 10 nr_executii = 10 nr_tabu = 5
[1 0 1 0 1] 231 1648312282.4120915
[1 1 1 0 1] 212 1648312282.421923
[1 0 1 1 0] 231 1648312282.423022
[1 1 1 1 0] 212 1648312282.425016
[1 0 0 1 1] 231 1648312282.4257302
[1 0 1 0 1] 231 1648312282.4267263
[0 1 1 0 1] 231 1648312282.4281597
[0 1 1 0 0] 212 1648312282.4287446
[1 0 1 0 1] 231 1648312282.4297419
[1 1 1 0 1] 230 1648312282.4307384
225.2
1648312282.4251895

